56 2 89 44 63 8 17 5 88 91 
97 70 2 16 54 9 97 33 19 99 
26 92 61 91 90 54 39 13 61 9 
76 42 75 85 56 88 34 30 35 52 
39 67 53 99 65 64 43 6 87 62 
63 98 53 3 100 44 5 67 33 92 
45 3 74 97 24 67 87 27 67 30 
0 91 68 39 30 74 3 77 85 7 
73 45 10 37 61 36 49 13 1 74 
90 10 79 67 45 91 16 88 70 75 
87 47 63 71 54 32 6 85 34 54 
29 32 55 31 43 79 96 35 74 60 
33 94 23 51 80 20 32 35 96 85 
21 15 97 73 95 57 99 63 57 4 
30 11 34 40 97 24 29 91 40 49 
69 22 76 36 20 97 72 68 8 5 
57 6 67 15 67 48 51 44 98 83 
13 87 95 79 2 85 60 14 94 60 
67 1 51 25 8 2 91 59 21 60 
94 76 63 96 16 6 46 96 72 40 
30 63 64 33 27 3 0 25 66 11 
13 80 45 43 35 57 17 28 74 35 
40 93 1 13 46 9 99 6 57 9 
67 2 40 63 74 89 19 35 46 31 
84 85 38 75 66 36 71 57 76 30 
0 56 90 14 12 90 31 41 88 70 
17 76 42 80 72 9 86 96 99 24 
70 93 26 11 85 16 48 9 0 50 
51 0 79 77 42 62 26 15 6 33 
21 67 31 83 34 85 21 83 83 39 
